ig: 0 0 1 3 4 6 7 9 10 12 13 15 18 22 29 33 40 44 51 55 62 66 71 77 84 96 103 115 122 134 141 153 160 168 171 175 
182 186 193 197 204 208 215 219 224 230 237 249 256 268 275 287 294 306 313 321 324 328 335 339 346 350 357 361 
368 372 377 383 390 402 409 421 428 440 447 459 466 474 477 481 488 492 499 503 510 514 521 525 530 536 543 555 
562 574 581 593 600 612 619 627 630 634 641 645 652 656 663 667 674 678 683 689 696 708 715 727 734 746 753 765 
772 780
jg: 0 0 1 2 2 3 4 4 5 6 6 7 0 1 2 0 1 2 9 0 1 2 3 4 9 10 2 3 4 11 2 3 4 5 6 11 12 4 5 6 13 4 5 6 7 8 13 14 6 7 8 
15 6 7 8 15 16 0 1 2 9 10 11 0 1 2 9 10 11 18 0 1 2 3 4 9 10 11 12 13 18 19 2 3 4 11 12 13 20 2 3 4 5 6 11 12 13 
14 15 20 21 4 5 6 13 14 15 22 4 5 6 7 8 13 14 15 16 17 22 23 6 7 8 15 16 17 24 6 7 8 15 16 17 24 25 18 19 20 18 19 
20 27 18 19 20 21 22 27 28 20 21 22 29 20 21 22 23 24 29 30 22 23 24 31 22 23 24 25 26 31 32 24 25 26 33 24 25 26 
33 34 18 19 20 27 28 29 18 19 20 27 28 29 36 18 19 20 21 22 27 28 29 30 31 36 37 20 21 22 29 30 31 38 20 21 22 23 
24 29 30 31 32 33 38 39 22 23 24 31 32 33 40 22 23 24 25 26 31 32 33 34 35 40 41 24 25 26 33 34 35 42 24 25 26 33 
34 35 42 43 36 37 38 36 37 38 45 36 37 38 39 40 45 46 38 39 40 47 38 39 40 41 42 47 48 40 41 42 49 40 41 42 43 44 
49 50 42 43 44 51 42 43 44 51 52 36 37 38 45 46 47 36 37 38 45 46 47 54 36 37 38 39 40 45 46 47 48 49 54 55 38 39 
40 47 48 49 56 38 39 40 41 42 47 48 49 50 51 56 57 40 41 42 49 50 51 58 40 41 42 43 44 49 50 51 52 53 58 59 42 43 
44 51 52 53 60 42 43 44 51 52 53 60 61 54 55 56 54 55 56 63 54 55 56 57 58 63 64 56 57 58 65 56 57 58 59 60 65 66 
58 59 60 67 58 59 60 61 62 67 68 60 61 62 69 60 61 62 69 70 54 55 56 63 64 65 54 55 56 63 64 65 72 54 55 56 57 58 
63 64 65 66 67 72 73 56 57 58 65 66 67 74 56 57 58 59 60 65 66 67 68 69 74 75 58 59 60 67 68 69 76 58 59 60 61 62 
67 68 69 70 71 76 77 60 61 62 69 70 71 78 60 61 62 69 70 71 78 79 72 73 74 72 73 74 81 72 73 74 75 76 81 82 74 75 
76 83 74 75 76 77 78 83 84 76 77 78 85 76 77 78 79 80 85 86 78 79 80 87 78 79 80 87 88 72 73 74 81 82 83 72 73 74 
81 82 83 90 72 73 74 75 76 81 82 83 84 85 90 91 74 75 76 83 84 85 92 74 75 76 77 78 83 84 85 86 87 92 93 76 77 78 
85 86 87 94 76 77 78 79 80 85 86 87 88 89 94 95 78 79 80 87 88 89 96 78 79 80 87 88 89 96 97